[PickFactor]
marker_name = cnc_a_marker_72
relative_marker = 0,0,0.097,0,0,0
xyz_shift_do_operation(m) = 0,0,0,0,1.57076,0;0.01256,0.18311,-0.26829,0.00002,-0.00008,0.00002;0,0,-0.1,0,0,0
xyz_shift_safe_leaving(m) = -0.005,0,0,0,0,0;-0.095,0,0,0,0,0;0,0,0.2,0,0,0;0.08768,-0.18272,0.06896,-0.00009,0.00006,0.00006;0,0,0,0,-1.57076,0

[PlaceFactor]
marker_name = cnc_a_marker_72
relative_marker = 0,0,0.097,0,0,0
xyz_shift_do_operation(m) = 0,0,0,0,1.57076,0;-0.08768,0.18272,-0.26896,0.00009,-0.00006,-0.00006;0,0,-0.1,0,0,0;0.095,0,0,0,0,0;0.005,0,0,0,0,0
xyz_shift_safe_leaving(m) = 0,0,0.2,0,0,0;-0.01256,-0.18311,0.16829,-0.00002,0.00008,-0.00002;0,0,0,0,-1.57076,0
