[PickFactor]
marker_name = input_rack_1_marker_1
relative_marker = 0.00108,-0.3099,-0.03772,-0.00004,0.17454,-0.00006
xyz_shift_do_operation(m) = -0.01,0.002,-0.002,0,0,0;0,0,-0.100,0,0,0
xyz_shift_safe_leaving(m) = 0,0,0.005,0,0,0;0,0,0.095,0,0,0
xyz_shift_before_op(m) = 0.01,0,0,0,0,0

[PlaceFactor]
marker_name = input_rack_1_marker_1
relative_marker = 0.00108,-0.3099,-0.03772,-0.00004,0.17454,-0.00006
xyz_shift_do_operation(m) = -0.01,0.002,-0.002,0,0,0;0,0,-0.095,0,0,0;0,0,-0.005,0,0,0
xyz_shift_safe_leaving(m) = 0,0,0.1,0,0,0
xyz_shift_before_op(m) = 0.01,0,0,0,0,0
