[PickFactor]
marker_name = input_rack_1_marker_1
relative_marker = -0.27997,-0.42746,-0.03575,0.01238,0.20337,0.00429
xyz_shift_do_operation(m) = -0.01,0.002,-0.002,0,0,0;0,0,-0.100,0,0,0
xyz_shift_safe_leaving(m) = 0,0,0.005,0,0,0;0,0,0.095,0,0,0
xyz_shift_before_op(m) = 0.01,0,0,0,0,0
[PlaceFactor]
marker_name = input_rack_1_marker_1
relative_marker = -0.27997,-0.42746,-0.03575,0.01238,0.20337,0.00429
xyz_shift_do_operation(m) = -0.01,0.002,-0.002,0,0,0;0,0,-0.095,0,0,0;0,0,-0.005,0,0,0
xyz_shift_safe_leaving(m) = 0,0,0.1,0,0,0
xyz_shift_before_op(m) = 0.01,0,0,0,0,0
