[PickFactor]
marker_name = input_rack_b_marker_1
relative_marker = -0.05635,-0.06916,-0.00448,-0.00016,0.17444,-0.00009
xyz_shift_do_operation(m) = 0,0,-0.1,0,0,0
xyz_shift_safe_leaving(m) = 0,0,0.005,0,0,0;0,0,0.1,0,0,0

[PlaceFactor]
marker_name = input_rack_b_marker_1
relative_marker = -0.05635,-0.06916,-0.00448,-0.00016,0.17444,-0.00009
xyz_shift_do_operation(m) = 0,0,-0.09,0,0,0;0,0,-0.01,0,0,0
xyz_shift_safe_leaving(m) = 0,0,0.1,0,0,0
