[PickFactor]
marker_name = input_rack_1_marker_1
relative_marker = -0.2,-0.5,0,0,0,0
xyz_shift_do_operation(m) = 0.09684,-0.11319,-0.03891,0.00007,0.17453,0.00007;-0.01,0.002,-0.002,0,0,0;0,0,-0.100,0,0,0
xyz_shift_safe_leaving(m) = 0,0,0.005,0,0,0;0,0,0.095,0,0,0
xyz_shift_before_op(m) = 0.09684,-0.11319,-0.03891,0.00007,0.17453,0.00007;0.01,0,0,0,0,0

[PlaceFactor]
marker_name = input_rack_1_marker_1
relative_marker = -0.2,-0.5,0,0,0,0
xyz_shift_do_operation(m) = 0.09684,-0.11319,-0.03891,0.00007,0.17453,0.00007;-0.01,0.002,-0.002,0,0,0;0,0,-0.095,0,0,0;0,0,-0.005,0,0,0
xyz_shift_safe_leaving(m) = 0,0,0.1,0,0,0
xyz_shift_before_op(m) = 0.09684,-0.11319,-0.03891,0.00007,0.17453,0.00007;0.01,0,0,0,0,0
