[PickFactor]
marker_name = input_rack_1_marker_1
relative_marker = -0.2,-0.5,0,0,0,0

xyz_shift_do_operation(m) = 0.09802,-0.3378,-0.03925,-0.00005,0.17457,-0.00015;-0.01,0.002,-0.002,0,0,0;0,0,-0.100,0,0,0
xyz_shift_safe_leaving(m) = 0,0,0.005,0,0,0;0,0,0.095,0,0,0
xyz_shift_before_op(m) = 0.09802,-0.3378,-0.03925,-0.00005,0.17457,-0.00015;0.01,0,0,0,0,0

[PlaceFactor]
marker_name = input_rack_1_marker_1
relative_marker = -0.2,-0.5,0,0,0,0
xyz_shift_do_operation(m) = 0.09802,-0.3378,-0.03925,-0.00005,0.17457,-0.00015;-0.01,0.002,-0.002,0,0,0;0,0,-0.095,0,0,0;0,0,-0.005,0,0,0
xyz_shift_safe_leaving(m) = 0,0,0.1,0,0,0
xyz_shift_before_op(m) = 0.09802,-0.3378,-0.03925,-0.00005,0.17457,-0.00015;0.01,0,0,0,0,0
