[PickFactor]
marker_name = input_rack_1_marker_1
relative_marker = -0.1008,-0.19861,-0.03554,-0.00117,0.18062,0.00334
xyz_shift_do_operation(m) = -0.01,0.002,-0.002,0,0,0;0,0,-0.100,0,0,0
xyz_shift_safe_leaving(m) = 0,0,0.005,0,0,0;0,0,0.095,0,0,0
xyz_shift_before_op(m) = 0.01,0,0,0,0,0

[PlaceFactor]
marker_name = input_rack_1_marker_1
relative_marker = -0.1008,-0.19861,-0.03554,-0.00117,0.18062,0.00334
xyz_shift_do_operation(m) = -0.01,0.002,-0.002,0,0,0;0,0,-0.095,0,0,0;0,0,-0.005,0,0,0
xyz_shift_safe_leaving(m) = 0,0,0.1,0,0,0
xyz_shift_before_op(m) = 0.01,0,0,0,0,0
