[PickFactor]
marker_name = output_rack_1_marker_1
relative_marker = -0.2,-0.5,0,0,0,0

xyz_shift_do_operation(m) = 0.21475,-0.46148,0.04905,-0.00001,0.17463,-0.00001;-0.009, 0.004, -0.001, 0.000, 0, 0;0,0,-0.150,0,0,0
xyz_shift_safe_leaving(m) = 0,0,0.005,0,0,0;0,0,0.095,0,0,0

[PlaceFactor]
marker_name = output_rack_1_marker_1
relative_marker = -0.2,-0.5,0,0,0,0
xyz_shift_do_operation(m) = 0.21475,-0.46148,0.04905,-0.00001,0.17463,-0.00001;-0.009, 0.004, -0.001, 0.000, 0, 0;0,0,-0.145,0,0,0;0,0,-0.005,0,0,0
xyz_shift_safe_leaving(m) = 0,0,0.1,0,0,0
xyz_shift_before_op(m) = 0.21475,-0.46148,0.04905,-0.00001,0.17463,-0.00001;0.04,0,0,0,0,0
