[PickFactor]
marker_name = output_rack_1_marker_1
relative_marker = -0.10405,-0.21116,-0.00231,-0.00008,0.17455,0.00015
xyz_shift_do_operation(m) = -0.009, 0.004, -0.001, 0.000, 0, 0;0,0,-0.10,0,0,0
xyz_shift_safe_leaving(m) = 0,0,0.005,0,0,0;0,0,0.095,0,0,0

[PlaceFactor]
marker_name = output_rack_1_marker_1
relative_marker = -0.10405,-0.21116,-0.00231,-0.00008,0.17455,0.00015
xyz_shift_do_operation(m) = -0.009, 0.004, -0.001, 0.000, 0, 0;0,0,-0.095,0,0,0;0,0,-0.005,0,0,0
xyz_shift_safe_leaving(m) = 0,0,0.1,0,0,0
xyz_shift_before_op(m) = 0.04,0,0,0,0,0
