[PickFactor]
marker_name = output_rack_1_marker_1
relative_marker = -0.09788,0.01469,0.04697,0.0006,0.17464,-0.00202
xyz_shift_do_operation(m) = -0.009, 0.004, -0.001, 0.000, 0, 0;0,0,-0.150,0,0,0
xyz_shift_safe_leaving(m) = 0,0,0.005,0,0,0;0,0,0.095,0,0,0

[PlaceFactor]
marker_name = output_rack_1_marker_1
relative_marker = -0.09788,0.01469,0.04697,0.0006,0.17464,-0.00202
xyz_shift_do_operation(m) = -0.009, 0.004, -0.001, 0.000, 0, 0;0,0,-0.145,0,0,0;0,0,-0.005,0,0,0
xyz_shift_safe_leaving(m) = 0,0,0.1,0,0,0
xyz_shift_before_op(m) = 0.04,0,0,0,0,0
